10078
1023
10268
10522
10738
1091
10995
11098
11168
11234
1171
1187
1200
1225
1483
1592
1601
191
1945
1974
1995
2152
2187
2206
2261
232
235
2354
2376
2520
296
3003
3234
3409
3444
3548
3657
3665
3788
3810
4134
4725
4768
4769
4893
5017
5024
5036
5151
5212
5215
5219
5242
5322
5323
5377
5456
5469
548
5651
5653
5757
5758
5759
5760
5761
5762
5802
584
6360
6375
6628
6719
6847
707
720
7397
743
7470
7630
764
776
777
7787
780
7802
8026
8038
8039
8040
8041
8042
8043
8270
837
8923
905
909
9326
9478
9499
9521
959
4762
4763
